"","year","ret","annRet","Portfolio_Value"
"5",1998,1.78352797009631,0.783527970096312,100
"6",1999,1.03812705950558,0.0381270595055758,178.352797009631
"7",2000,0.614630188536879,-0.385369811463121,185.152864714203
"8",2001,1.20101718264593,0.201017182645934,113.800540147434
"9",2002,1.0380624154551,0.0380624154550995,136.676404111457
"10",2003,1.06472276532017,0.0647227653201712,141.878638187656
"11",2004,1.37306623970468,0.373066239704679,151.061415991021
"12",2005,1.10372599917644,0.103725999176442,207.417330419256
"13",2006,1.41206090880459,0.412060908804588,228.931900263503
"14",2007,0.820513477216867,-0.179486522783133,323.265787140443
"15",2008,0.87156061505599,-0.12843938494401,265.243935071853
"16",2009,1.12440232174581,0.124402321745806,231.176167191095
"17",2010,1.24710968445309,0.247109684453093,259.935019121964
"18",2011,0.867207813637839,-0.132792186362161,324.167479675501
"19",2012,1.06858165990736,0.0685816599073572,281.12057130188
"20",2013,1.17166769597612,0.171667695976122,300.400286715867
"21",2014,0.886485988616122,-0.113514011383878,351.969311806947
"22",2015,1.01165503072251,0.0116550307225065,312.015863339717
"23",2016,1.22898332479826,0.228983324798265,315.652417812851
"24",2017,1.0092232809212,0.00922328092120428,387.931557924249
"25",2018,0.943959617106958,-0.0560403828930418,391.509559661184
