"","year","Date","HKG","SGP","KOR","TAI","HKG_w","KOR_w","SGP_w","TWN_w","MarketReturn"
"1",1998,1998-06-01,0.921058458813109,0.988448623237072,1.30849942266178,0.982360291767167,0.152515602867125,0.190274133324855,0.147829129456678,0.509381134351341,1.03596667897265
"2",1998,1998-07-01,0.928026205072725,0.800606966526249,0.83463781461019,0.829832761408906,0.152515602867125,0.190274133324855,0.147829129456678,0.509381134351341,0.841402647185164
"3",1998,1998-08-01,1.15893267705061,1.12995756718529,0.975039073273881,1.08371457429743,0.152515602867125,0.190274133324855,0.147829129456678,0.509381134351341,1.08134443319654
"4",1998,1998-10-01,0.995171572237066,1.14677559957022,1.18732555643026,1.06330343869332,0.152515602867125,0.190274133324855,0.147829129456678,0.509381134351341,1.08885008384809
"5",1998,1998-11-01,0.979376975360189,0.986281754379762,1.37054338326151,0.892234446962497,0.152515602867125,0.190274133324855,0.147829129456678,0.509381134351341,1.0104377921155
"6",1998,1998-12-01,0.930233562146527,1.00288577010629,1.03349019262908,0.970452380708528,0.152515602867125,0.190274133324855,0.147829129456678,0.509381134351341,0.98110744809882
"7",1998,1998-09-01,1.32808963648048,1.23490386541158,1.31752392626467,1.12847587719298,0.152515602867125,0.190274133324855,0.147829129456678,0.509381134351341,1.21062420057334
"8",1998,1998-01-01,1.19385428059479,1.25667121062165,0.93845494350715,1.21253684551294,0.152515602867125,0.190274133324855,0.147829129456678,0.509381134351341,1.16406111127031
"9",1998,1998-02-01,0.975830109056887,0.989375297194484,0.988939280237528,0.946602964940631,0.152515602867125,0.190274133324855,0.147829129456678,0.509381134351341,0.96543906278881
"10",1998,1998-03-01,0.890768723720874,0.934395698472537,0.9673705047839,0.905759667483114,0.152515602867125,0.190274133324855,0.147829129456678,0.509381134351341,0.919429502860756
"11",1998,1998-04-01,0.859625518555892,0.824200729751017,0.751031683776133,0.90398498766727,0.152515602867125,0.190274133324855,0.147829129456678,0.509381134351341,0.856321981763717
"12",1998,1998-05-01,0.942428590061302,0.87116779780014,0.904545660959993,0.935793538561949,0.152515602867125,0.190274133324855,0.147829129456678,0.509381134351341,0.921306257615163
"13",1999,1999-07-01,1.00683635106521,0.996011908729365,1.01898673332052,1.12280166801272,0.114808517028466,0.24682689919367,0.150703698690154,0.48766088508771,1.06475585784714
"14",1999,1999-08-01,0.957698118390331,0.982634202924414,0.852410491060899,0.934088356833012,0.114808517028466,0.24682689919367,0.150703698690154,0.48766088508771,0.923954702765533
"15",1999,1999-09-01,1.04989782016349,1.05123606728565,1.01223004662359,1.03424404579493,0.114808517028466,0.24682689919367,0.150703698690154,0.48766088508771,1.03316834574864
"16",1999,1999-10-01,1.12747684295898,1.06054029541332,1.21824642930363,1.01021113652077,0.114808517028466,0.24682689919367,0.150703698690154,0.48766088508771,1.08260773501275
"17",1999,1999-11-01,1.08636525399986,1.11939158852815,0.970280367540642,1.11260106042944,0.114808517028466,0.24682689919367,0.150703698690154,0.48766088508771,1.07548374878391
"18",1999,1999-12-01,0.92211775037812,0.866257389722601,1.01075343416123,1.16350879090424,0.114808517028466,0.24682689919367,0.150703698690154,0.48766088508771,1.05329402687847
"19",1999,1999-03-01,1.22034781542486,1.23648207405472,1.26568857107632,1.08725707098989,0.114808517028466,0.24682689919367,0.150703698690154,0.48766088508771,1.16906747577241
"20",1999,1999-04-01,0.917711185350782,1.01407502277619,1.00198064809403,0.958154615150799,0.114808517028466,0.24682689919367,0.150703698690154,0.48766088508771,0.972756221028659
"21",1999,1999-01-01,1.00653223186522,0.986416928796111,0.887167812081108,1.04799797370032,0.114808517028466,0.24682689919367,0.150703698690154,0.48766088508771,0.994259652047191
"22",1999,1999-02-01,1.12814837869304,1.10979852152486,1.16716231772832,1.09696682846267,0.114808517028466,0.24682689919367,0.150703698690154,0.48766088508771,1.11980665456102
"23",1999,1999-05-01,1.09324392135395,1.15710323815476,1.29644512135844,1.22013570673246,0.114808517028466,0.24682689919367,0.150703698690154,0.48766088508771,1.21490343906924
"24",1999,1999-06-01,0.965616524097642,1.01292914289572,1.04001799685055,0.876362296964488,0.114808517028466,0.24682689919367,0.150703698690154,0.48766088508771,0.9475852001587
"25",2000,2000-01-01,1.05662930180878,0.909307575200798,0.856110005262315,0.957304532726026,0.111031899227985,0.315858975081257,0.135155017625369,0.437954108065388,0.929882521108859
"26",2000,2000-02-01,1.02474408223705,1.00028866026995,1.11535891816773,1.03884037213932,0.111031899227985,0.315858975081257,0.135155017625369,0.437954108065388,1.05623384652545
"27",2000,2000-09-01,0.930932469507156,0.998057278937144,0.810904399782727,0.870345016429354,0.111031899227985,0.315858975081257,0.135155017625369,0.437954108065388,0.875558257251983
"28",2000,2000-10-01,0.962682195039679,0.980396835363556,0.934417650506573,0.922909129044098,0.111031899227985,0.315858975081257,0.135155017625369,0.437954108065388,0.938730029854394
"29",2000,2000-11-01,1.09831258644537,1.00488029819775,0.961961513474764,0.918753693013954,0.111031899227985,0.315858975081257,0.135155017625369,0.437954108065388,0.963978478702795
"30",2000,2000-12-01,1.0290734770636,1.0006373486297,1.27460934770965,1.29229227991194,0.111031899227985,0.315858975081257,0.135155017625369,0.437954108065388,1.21806265609935
"31",2000,2000-04-01,0.883526323915393,0.812223457355217,0.984583316414234,1.02066636323459,0.111031899227985,0.315858975081257,0.135155017625369,0.437954108065388,0.965870185404281
"32",2000,2000-05-01,1.07521056862265,1.1339228209532,1.13869566412801,0.925277253573921,0.111031899227985,0.315858975081257,0.135155017625369,0.437954108065388,1.03753425005902
"33",2000,2000-06-01,1.0654883796522,0.999479345395165,0.839130277311635,0.974051826499965,0.111031899227985,0.315858975081257,0.135155017625369,0.437954108065388,0.945024675176767
"34",2000,2000-03-01,0.904293193717277,1.05916982177486,0.885131006721058,0.885627157854151,0.111031899227985,0.315858975081257,0.135155017625369,0.437954108065388,0.910998131279665
"35",2000,2000-08-01,0.91634105709526,0.914231694740461,0.875559188526417,0.83921226187467,0.111031899227985,0.315858975081257,0.135155017625369,0.437954108065388,0.869395774263974
"36",2000,2000-07-01,1.00717668682647,1.03320902148819,0.968045924092884,0.936151446703238,0.111031899227985,0.315858975081257,0.135155017625369,0.437954108065388,0.967229489177026
"37",2001,2001-02-01,0.890795241077019,0.831268097983461,0.853173898458928,0.984594589017067,0.133214900039228,0.30861432213979,0.124223732787589,0.433947045033393,0.912494021874328
"38",2001,2001-03-01,0.994442101316838,1.00943040954025,1.1399232156899,0.929397092883118,0.133214900039228,0.30861432213979,0.124223732787589,0.433947045033393,1.01297547120492
"39",2001,2001-01-01,0.977156842749337,0.976636942675159,0.925931339411324,0.927522084087016,0.133214900039228,0.30861432213979,0.124223732787589,0.433947045033393,0.939744477980056
"40",2001,2001-10-01,1.12663672830941,1.07533581485677,1.25322396607031,1.13705855494151,0.133214900039228,0.30861432213979,0.124223732787589,0.433947045033393,1.16385309278889
"41",2001,2001-11-01,1.05087725191182,1.10657310557604,1.07678961021113,1.21778503974078,0.133214900039228,0.30861432213979,0.124223732787589,0.433947045033393,1.1382220649678
"42",2001,2001-12-01,0.98227090147778,1.120603185937,1.07523811043219,1.046699110818,0.133214900039228,0.30861432213979,0.124223732787589,0.433947045033393,1.05610449745101
"43",2001,2001-04-01,0.981432960735896,0.951267662557709,1.0757385164746,0.93033692661585,0.133214900039228,0.30861432213979,0.124223732787589,0.433947045033393,0.984616786934547
"44",2001,2001-05-01,0.94586678446587,1.01522975357867,0.943569529054526,0.964487431217124,0.133214900039228,0.30861432213979,0.124223732787589,0.433947045033393,0.961854720119055
"45",2001,2001-06-01,0.997553175288086,0.986221993304146,0.927781886505827,0.890155323213029,0.133214900039228,0.30861432213979,0.124223732787589,0.433947045033393,0.928008174021885
"46",2001,2001-07-01,0.926730718342256,1.0072300561431,1.03296277145812,1.0356885720336,0.133214900039228,0.30861432213979,0.124223732787589,0.433947045033393,1.01679731827521
"47",2001,2001-08-01,0.844500576574598,0.793875070890383,0.837483835982147,0.782887831740796,0.133214900039228,0.30861432213979,0.124223732787589,0.433947045033393,0.80930955208565
"48",2001,2001-09-01,1.03092488555972,1.00893987018819,1.15677142999452,1.10582397492818,0.133214900039228,0.30861432213979,0.124223732787589,0.433947045033393,1.09953410939639
"49",2002,2002-03-01,1.05113526931884,0.968955672426747,0.999888189035071,0.977821736582098,0.146984394933312,0.324076310256886,0.116074209701557,0.412865085108245,0.994719774933254
"50",2002,2002-04-01,0.951036778403249,0.975265182060666,1.00242284180707,0.96017126036928,0.146984394933312,0.324076310256886,0.116074209701557,0.412865085108245,0.974273385710975
"51",2002,2002-01-01,0.960636924712288,0.961146931654403,1.0988471296942,0.952516485068384,0.146984394933312,0.324076310256886,0.116074209701557,0.412865085108245,1.00213413063073
"52",2002,2002-02-01,1.05525947337519,1.05044669634119,1.08687667940426,1.08966492552633,0.146984394933312,0.324076310256886,0.116074209701557,0.412865085108245,1.0791520314856
"53",2002,2002-11-01,0.924574903810351,0.973641609690137,0.873623165842837,0.939757138356674,0.146984394933312,0.324076310256886,0.116074209701557,0.412865085108245,0.920026246234419
"54",2002,2002-12-01,1.00567838588861,0.956242787003893,0.956488164186641,1.12142868026879,0.146984394933312,0.324076310256886,0.116074209701557,0.412865085108245,1.03178805740763
"55",2002,2002-07-01,0.947080704006085,0.993876630585623,1.00414778299011,0.949859376021977,0.146984394933312,0.324076310256886,0.116074209701557,0.412865085108245,0.972153809253668
"56",2002,2002-08-01,0.924837503450699,0.883375512697443,0.858159023424612,0.848551203657798,0.146984394933312,0.324076310256886,0.116074209701557,0.412865085108245,0.866919970204381
"57",2002,2002-05-01,0.939514273175849,0.93628456486826,0.961315831876944,0.913091946847409,0.146984394933312,0.324076310256886,0.116074209701557,0.412865085108245,0.93529590002983
"58",2002,2002-06-01,0.958656124681006,0.979042831425563,0.972975063823203,0.93330321824486,0.146984394933312,0.324076310256886,0.116074209701557,0.412865085108245,0.955195594645293
"59",2002,2002-09-01,1.03375664821448,1.09580542548357,1.0511787411383,1.10998945062079,0.146984394933312,0.324076310256886,0.116074209701557,0.412865085108245,1.07807886104416
"60",2002,2002-10-01,1.05746010079798,0.946720276946378,1.12762782532368,1.0210843373494,0.146984394933312,0.324076310256886,0.116074209701557,0.412865085108245,1.05232747785325
"61",2003,2003-01-01,0.987158951358855,0.989669844127153,0.936917774189542,0.879545083971955,0.133127232879726,0.350821117912912,0.107163632914748,0.408888016292614,0.92580034104856
"62",2003,2003-02-01,0.942788760580902,0.985035447799756,0.902775706355125,0.985277533175758,0.133127232879726,0.350821117912912,0.107163632914748,0.408888016292614,0.950651794588309
"63",2003,2003-05-01,1.01298560908047,1.05705462265972,1.07900796897252,1.0713440726731,0.133127232879726,0.350821117912912,0.107163632914748,0.408888016292614,1.06473231919144
"64",2003,2003-06-01,1.06344209374917,1.07318409232005,1.10808609820137,1.11449642837668,0.133127232879726,0.350821117912912,0.107163632914748,0.408888016292614,1.10102364686689
"65",2003,2003-03-01,0.991595312880972,1.00360912352855,1.14200227614817,0.972263162846122,0.133127232879726,0.350821117912912,0.107163632914748,0.408888016292614,1.03774401099198
"66",2003,2003-04-01,1.07041092323937,1.08323402120053,1.06095091137043,1.10421067909497,0.133127232879726,0.350821117912912,0.107163632914748,0.408888016292614,1.08228663618575
"67",2003,2003-08-01,1.0517539137846,1.02878443764195,0.935722330050559,1.00577506570265,0.133127232879726,0.350821117912912,0.107163632914748,0.408888016292614,0.989785891372575
"68",2003,2003-09-01,1.0416049132609,1.05891763049703,1.11408304631183,1.06861128867656,0.133127232879726,0.350821117912912,0.107163632914748,0.408888016292614,1.07992964986768
"69",2003,2003-10-01,0.991861929183429,0.992265159984289,0.998253094436336,0.941492543578872,0.133127232879726,0.350821117912912,0.107163632914748,0.408888016292614,0.973551858438018
"70",2003,2003-07-01,1.11853691578234,1.03382448021234,1.05761603669585,1.08442297107211,0.133127232879726,0.350821117912912,0.107163632914748,0.408888016292614,1.07413770934776
"71",2003,2003-12-01,1.09741490256483,1.04991619908183,1.09321416971855,1.0875749561962,0.133127232879726,0.350821117912912,0.107163632914748,0.408888016292614,1.08682762699657
"72",2003,2003-11-01,1.01844283443763,1.04465454766907,1.02797637550513,1.0242442482611,0.133127232879726,0.350821117912912,0.107163632914748,0.408888016292614,1.02696847297737
"73",2004,2004-02-01,0.936146798840497,0.995345835964744,1.03357909046707,0.974383657909683,0.138968975804054,0.340745743645246,0.111180141992516,0.409105138558184,0.991571090386678
"74",2004,2004-03-01,0.948114875519664,0.979654891791611,0.936415741016311,0.932867671757988,0.138968975804054,0.340745743645246,0.111180141992516,0.409105138558184,0.941397359313329
"75",2004,2004-01-01,1.03211627606331,1.01107717934481,1.03242429209523,1.03947605419577,0.138968975804054,0.340745743645246,0.111180141992516,0.409105138558184,1.03289302450724
"76",2004,2004-06-01,1.01335136564235,1.02669463111187,0.91673234996059,0.911838195569962,0.138968975804054,0.340745743645246,0.111180141992516,0.409105138558184,0.940382793935197
"77",2004,2004-07-01,1.06893783553259,1.01286826014452,1.09462629736535,1.06558044806517,0.138968975804054,0.340745743645246,0.111180141992516,0.409105138558184,1.07008372174474
"78",2004,2004-04-01,0.99252061367256,0.973487835097995,0.933431073017696,0.972570242419749,0.138968975804054,0.340745743645246,0.111180141992516,0.409105138558184,0.962108237780362
"79",2004,2004-05-01,0.998760968475788,1.01371111207532,0.975451699708935,0.967495344810689,0.138968975804054,0.340745743645246,0.111180141992516,0.409105138558184,0.979689666142586
"80",2004,2004-09-01,0.9951194618418,1.00703433487618,1.01990513114861,0.997314845892987,0.138968975804054,0.340745743645246,0.111180141992516,0.409105138558184,1.00578791333373
"81",2004,2004-10-01,1.08777704221018,1.02871981303558,1.1069380733945,1.06386287411946,0.138968975804054,0.340745743645246,0.111180141992516,0.409105138558184,1.07795668185452
"82",2004,2004-11-01,1.02168639585816,1.02912964458805,1.02746362005621,1.0678505977834,0.138968975804054,0.340745743645246,0.111180141992516,0.409105138558184,1.04336851408946
"83",2004,2004-08-01,1.01173433466322,1.04933732129627,1.03612024371907,1.00084561208414,0.138968975804054,0.340745743645246,0.111180141992516,0.409105138558184,1.01976980241269
"84",2004,2004-12-01,0.958470715562155,1.0172798626441,1.0625151713192,0.969507212029584,0.138968975804054,0.340745743645246,0.111180141992516,0.409105138558184,1.00497691775079
"85",2005,2005-02-01,0.962767174117468,0.994109900634503,0.943037111334002,0.94071893214506,0.148711046985381,0.35765844791393,0.109789215685909,0.38384128941478,0.950688618218834
"86",2005,2005-03-01,1.0382591556236,0.997675762903731,0.951329918486122,0.986571930047157,0.148711046985381,0.35765844791393,0.109789215685909,0.38384128941478,0.982872869422546
"87",2005,2005-04-01,0.990541891960608,0.999818938982437,1.04888825286657,1.0405860162044,0.148711046985381,0.35765844791393,0.109789215685909,0.38384128941478,1.03163748173744
"88",2005,2005-06-01,1.05724376364719,1.07645288919425,1.12297214569942,1.00021143990576,0.148711046985381,0.35765844791393,0.109789215685909,0.38384128941478,1.06096966890048
"89",2005,2005-07-01,0.987960101701545,0.948179857381812,0.967730456180201,0.930783168914838,0.148711046985381,0.35765844791393,0.109789215685909,0.38384128941478,0.954410488653243
"90",2005,2005-08-01,1.02655084490759,1.00936596915149,1.12148998928122,1.0060780411836,0.148711046985381,0.35765844791393,0.109789215685909,0.38384128941478,1.05076161052026
"91",2005,2005-05-01,1.03444617464365,1.01917179765785,1.002899242786,1.02290540192595,0.148711046985381,0.35765844791393,0.109789215685909,0.38384128941478,1.01705636100883
"92",2005,2005-01-01,1.03324492529083,1.00700430384935,1.09506528654025,1.05933176688758,0.148711046985381,0.35765844791393,0.109789215685909,0.38384128941478,1.06248776941286
"93",2005,2005-09-01,0.932967702620353,0.960480625503047,0.940540389700086,0.930782791907639,0.148711046985381,0.35765844791393,0.109789215685909,0.38384128941478,0.937858101407122
"94",2005,2005-10-01,1.02434910582146,1.04100175978356,1.11820380067943,1.08962084377562,0.148711046985381,0.35765844791393,0.109789215685909,0.38384128941478,1.08479930019006
"95",2005,2005-11-01,1.00816827287843,1.03858184410865,1.09613675259031,1.07165039693896,0.148711046985381,0.35765844791393,0.109789215685909,0.38384128941478,1.06733708528329
"96",2005,2005-12-01,1.05440891550446,1.05599415366559,1.08011643176578,1.0306605872986,0.148711046985381,0.35765844791393,0.109789215685909,0.38384128941478,1.05466187900461
"97",2006,2006-03-01,1.05292828296476,1.05917159763314,1.06785984517781,1.10025347687385,0.155132741229299,0.402188216267889,0.100825797541894,0.341853244960917,1.07574133962429
"98",2006,2006-04-01,0.933919825478188,0.912055922447172,0.92322953741504,0.932944402105835,0.155132741229299,0.402188216267889,0.100825797541894,0.341853244960917,0.92708242048515
"99",2006,2006-05-01,1.00192366412214,1.02409825228277,0.983138903320266,0.975831893637798,0.155132741229299,0.402188216267889,0.100825797541894,0.341853244960917,0.987684868811826
"100",2006,2006-06-01,1.01718830951147,1.00154319431136,0.997231696771714,0.943096314827288,0.155132741229299,0.402188216267889,0.100825797541894,0.341853244960917,0.982255975004819
"101",2006,2006-07-01,1.03327141444707,1.02207496626317,1.02478517706709,1.0205986777669,0.155132741229299,0.402188216267889,0.100825797541894,0.341853244960917,1.02439724279796
"102",2006,2006-08-01,1.004813338166,1.03061385358163,1.03081388857877,1.04083570750237,0.155132741229299,0.402188216267889,0.100825797541894,0.341853244960917,1.03018617455109
"103",2006,2006-09-01,1.01721326850102,1.08208648431599,0.995787421548564,1.00842297349212,0.155132741229299,0.402188216267889,0.100825797541894,0.341853244960917,1.01213194818388
"104",2006,2006-10-01,1.05414893617021,1.06901213079703,1.05587676314343,1.10463156090174,0.155132741229299,0.402188216267889,0.100825797541894,0.341853244960917,1.07360009034948
"105",2006,2006-01-01,1.00161728751272,1.02676942434728,0.967767780106003,0.994453347663785,0.155132741229299,0.402188216267889,0.100825797541894,0.341853244960917,0.988090382679429
"106",2006,2006-02-01,1.00987757267938,1.02342656985591,0.994656492968917,1.00123517548177,0.155132741229299,0.402188216267889,0.100825797541894,0.341853244960917,1.00216749070093
"107",2006,2006-12-01,1.0159780871947,1.03852996254682,0.948074421945658,0.972573732013471,0.155132741229299,0.402188216267889,0.100825797541894,0.341853244960917,0.97610392434444
"108",2006,2006-11-01,1.06109597335755,1.05922607732615,0.996280814750961,1.01383823491374,0.155132741229299,0.402188216267889,0.100825797541894,0.341853244960917,1.01868433533523
"109",2007,2007-06-01,1.06964697899564,1.00940849749539,1.10936817586257,1.0188138076449,0.174173346729414,0.408625677415466,0.106458223019745,0.310742752835375,1.06366915867434
"110",2007,2007-07-01,1.00342099152115,0.951981795508016,0.95554197696926,0.964216148765864,0.174173346729414,0.408625677415466,0.106458223019745,0.310742752835375,0.966197650602521
"111",2007,2007-05-01,1.01327202745259,1.0098418231617,1.02996054616848,1.09318249226728,0.174173346729414,0.408625677415466,0.106458223019745,0.310742752835375,1.0445578090814
"112",2007,2007-10-01,0.960024662990876,0.921367630205017,0.904698326980883,0.887799156320881,0.174173346729414,0.408625677415466,0.106458223019745,0.310742752835375,0.910857989674714
"113",2007,2007-11-01,1.00183895724655,0.997631626890144,0.984421890973848,0.986676641940721,0.174173346729414,0.408625677415466,0.106458223019745,0.310742752835375,0.989562412231387
"114",2007,2007-08-01,1.14786550087209,1.11740357605877,1.07453853317711,1.05937265732886,0.174173346729414,0.408625677415466,0.106458223019745,0.310742752835375,1.08716078683067
"115",2007,2007-09-01,1.10858736114321,1.04401056301856,1.07094558162756,1.05418289894152,0.174173346729414,0.408625677415466,0.106458223019745,0.310742752835375,1.06942543996177
"116",2007,2007-01-01,0.974106942260166,1.00562743241822,1.04268142187222,1.01764556718519,0.174173346729414,0.408625677415466,0.106458223019745,0.310742752835375,1.01901316297986
"117",2007,2007-02-01,1.01261475971734,1.05541401749759,1.02441414313789,0.977968912451345,0.174173346729414,0.408625677415466,0.106458223019745,0.310742752835375,1.01122667773675
"118",2007,2007-03-01,1.01899326820874,1.03662645826254,1.05998645831094,0.997741989333755,0.174173346729414,0.408625677415466,0.106458223019745,0.310742752835375,1.03101765546409
"119",2007,2007-04-01,1.01143066472948,1.04217484532703,1.08191934298243,1.03914230362804,0.174173346729414,0.408625677415466,0.106458223019745,0.310742752835375,1.05211831042224
"120",2007,2007-12-01,0.883523578923095,0.873964131885847,0.857670484286342,0.89490199241752,0.174173346729414,0.408625677415466,0.106458223019745,0.310742752835375,0.875477418401386
"121",2008,2008-06-01,0.985148902113935,0.990969076776827,0.98309560147656,0.907891348019436,0.185951059232737,0.396580984273252,0.118327791710349,0.299140164783662,0.961912453078773
"122",2008,2008-07-01,0.943713160064747,0.912091245097763,0.86195597288325,0.978913127759969,0.185951059232737,0.396580984273252,0.118327791710349,0.299140164783662,0.918077787069929
"123",2008,2008-08-01,0.822362459546926,0.850675513692009,0.893574722672317,0.80874781449533,0.185951059232737,0.396580984273252,0.118327791710349,0.299140164783662,0.849881422958877
"124",2008,2008-10-01,0.987292169851976,0.969395483779863,0.830337587795484,0.891965902566141,0.185951059232737,0.396580984273252,0.118327791710349,0.299140164783662,0.894413376567873
"125",2008,2008-11-01,1.03720321175885,1.06102260537921,1.19819000409296,1.04979780473715,0.185951059232737,0.396580984273252,0.118327791710349,0.299140164783662,1.10763355718359
"126",2008,2008-12-01,1.00453130810938,0.942911346588285,0.951901544767905,0.899625797930883,0.185951059232737,0.396580984273252,0.118327791710349,0.299140164783662,0.944986539187772
"127",2008,2008-09-01,0.785337058754083,0.708154545454545,0.738776563469867,0.811272753332378,0.185951059232737,0.396580984273252,0.118327791710349,0.299140164783662,0.76549762329856
"128",2008,2008-01-01,0.977522576603852,1.03972216818336,1.04738399343801,1.14834010870643,0.185951059232737,0.396580984273252,0.118327791710349,0.299140164783662,1.06368661107266
"129",2008,2008-02-01,0.935705741626794,1.01763662319303,0.956218738491803,1.02452157804675,0.185951059232737,0.396580984273252,0.118327791710349,0.299140164783662,0.980103890344592
"130",2008,2008-03-01,1.07560608135872,1.05618773281034,1.07167684725222,1.0420771977138,0.185951059232737,0.396580984273252,0.118327791710349,0.299140164783662,1.06172025574838
"131",2008,2008-04-01,0.987589668491871,0.997588621387768,0.981585938352924,0.9678341935389,0.185951059232737,0.396580984273252,0.118327791710349,0.299140164783662,0.980482201266833
"132",2008,2008-05-01,0.892818575964499,0.924640004136398,0.877539576613651,0.884859350192572,0.185951059232737,0.396580984273252,0.118327791710349,0.299140164783662,0.888143650578915
"133",2009,2009-07-01,0.927473212141666,0.965768850401815,1.01176692266708,0.964410747427029,0.201130052170416,0.378283007279456,0.120781334956124,0.299805605594003,0.9750595689014
"134",2009,2009-08-01,1.07765944047136,1.05792100507702,1.12057771470039,1.1268464961676,0.201130052170416,0.378283007279456,0.120781334956124,0.299805605594003,1.10625721475748
"135",2009,2009-09-01,1.02548635100387,0.991207164412198,0.937223842790255,0.958799899085952,0.201130052170416,0.378283007279456,0.120781334956124,0.299805605594003,0.967964885946877
"136",2009,2009-10-01,0.984170101754586,1.04687346134909,1.00784522346352,1.03869975306643,0.201130052170416,0.378283007279456,0.120781334956124,0.299805605594003,1.01704768860478
"137",2009,2009-11-01,1.02030509107052,1.0506929420249,1.0832595163267,1.08533068319108,0.201130052170416,0.378283007279456,0.120781334956124,0.299805605594003,1.06728500260751
"138",2009,2009-12-01,0.934148879149983,0.939562366177008,0.951429611582514,0.935176041797583,0.201130052170416,0.378283007279456,0.120781334956124,0.299805605594003,0.941647683892052
"139",2009,2009-03-01,1.16352195044849,1.1615359243582,1.21379044684129,1.17402917906656,0.201130052170416,0.378283007279456,0.120781334956124,0.299805605594003,1.18544791959189
"140",2009,2009-04-01,1.17037552746198,1.23835159374334,1.0404236750238,1.15251072669494,0.201130052170416,0.378283007279456,0.120781334956124,0.299805605594003,1.12407122253788
"141",2009,2009-01-01,0.951919798131351,0.888466782267992,0.819495808371296,1.03963787619281,0.201130052170416,0.378283007279456,0.120781334956124,0.299805605594003,0.920460484600761
"142",2009,2009-02-01,1.03604691625898,1.08407204898616,1.26309131381445,1.15800356386377,0.201130052170416,0.378283007279456,0.120781334956124,0.299805605594003,1.16429777998582
"143",2009,2009-05-01,0.982596773257501,0.995146326782148,0.990025546192855,0.923246108124926,0.201130052170416,0.378283007279456,0.120781334956124,0.299805605594003,0.969129041549215
"144",2009,2009-06-01,1.1375573093932,1.15528779223273,1.18546989455198,1.1020185234681,0.201130052170416,0.378283007279456,0.120781334956124,0.299805605594003,1.14716861034402
"145",2010,2010-01-01,1.03840234369726,1.00717813527291,0.988668004921324,0.963311030689334,0.239837183185187,0.35371610980956,0.113709352414021,0.292737354591232,0.99527799001919
"146",2010,2010-02-01,1.05252517372961,1.04208385235174,1.09272512920666,1.06752299429004,0.239837183185187,0.35371610980956,0.113709352414021,0.292737354591232,1.06994769201874
"147",2010,2010-09-01,1.02073487063375,1.0323048928968,1.01526016924365,1.0273723765171,0.239837183185187,0.35371610980956,0.113709352414021,0.292737354591232,1.022057046208
"148",2010,2010-10-01,1.01611418295762,0.982729682265036,1.0003725412279,1.01574837272593,0.239837183185187,0.35371610980956,0.113709352414021,0.292737354591232,1.00664289440904
"149",2010,2010-11-01,1.00559529486568,1.04695804703058,1.11076739740311,1.12466508524327,0.239837183185187,0.35371610980956,0.113709352414021,0.292737354591232,1.08235586904531
"150",2010,2010-12-01,1.01696647803315,0.99754986867548,1.02189957220064,1.03198688962399,0.239837183185187,0.35371610980956,0.113709352414021,0.292737354591232,1.02090057838924
"151",2010,2010-04-01,0.92890476977658,0.905437130923232,0.866441730768239,0.901769621497624,0.239837183185187,0.35371610980956,0.113709352414021,0.292737354591232,0.896198625071344
"152",2010,2010-05-01,1.02871321013005,1.03616508522298,1.00921730328381,0.979982435419884,0.239837183185187,0.35371610980956,0.113709352414021,0.292737354591232,1.00839922361844
"153",2010,2010-06-01,1.05807911108154,1.0785639718751,1.07502964724207,1.06847960444994,0.239837183185187,0.35371610980956,0.113709352414021,0.292737354591232,1.06944872196166
"154",2010,2010-03-01,0.971410219194496,1.05053714631563,1.05618975485094,1.02545576745358,0.239837183185187,0.35371610980956,0.113709352414021,0.292737354591232,1.02621672920461
"155",2010,2010-08-01,1.13584809083589,1.07924566444775,1.11855457842811,1.10742636255165,0.239837183185187,0.35371610980956,0.113709352414021,0.292737354591232,1.11497477010157
"156",2010,2010-07-01,1.00740139853104,0.985730654539502,0.97292684265408,0.977643452105507,0.239837183185187,0.35371610980956,0.113709352414021,0.292737354591232,0.984031763958544
"157",2011,2011-02-01,1.00921473714681,1.04829462314098,1.11559770518675,1.01709353492046,0.253131225544117,0.363735362266695,0.105600883001469,0.277532529187718,1.05422347770748
"158",2011,2011-03-01,1.02272292689145,1.04877259547361,1.06532526195594,1.06638510970421,0.253131225544117,0.363735362266695,0.105600883001469,0.277532529187718,1.05308744669959
"159",2011,2011-01-01,0.966545081500057,0.949298513682456,0.934046946220943,0.912233495074254,0.253131225544117,0.363735362266695,0.105600883001469,0.277532529187718,0.937829875756083
"160",2011,2011-10-01,0.924225774529029,0.91818581934861,0.936475641993958,0.905419736805703,0.253131225544117,0.363735362266695,0.105600883001469,0.277532529187718,0.922824372695408
"161",2011,2011-11-01,1.01738793420569,0.970172332480304,0.982826149418045,1.02975117385237,0.253131225544117,0.363735362266695,0.105600883001469,0.277532529187718,1.00326178282982
"162",2011,2011-12-01,1.09459642688809,1.1438418934534,1.10134067782701,1.08994876461395,0.253131225544117,0.363735362266695,0.105600883001469,0.277532529187718,1.10096003673394
"163",2011,2011-04-01,0.998042026320983,0.973586777659472,0.964944496766745,0.995556579309115,0.253131225544117,0.363735362266695,0.105600883001469,0.277532529187718,0.982730996170397
"164",2011,2011-05-01,0.959858249769734,0.98417945690673,0.980700199695352,0.951449064433547,0.253131225544117,0.363735362266695,0.105600883001469,0.277532529187718,0.967673722450841
"165",2011,2011-06-01,1.02021631292185,1.04627992726538,1.01700208622219,0.986970300757778,0.253131225544117,0.363735362266695,0.105600883001469,0.277532529187718,1.01257267585643
"166",2011,2011-07-01,0.935743740169196,0.894040334552301,0.865655324898661,0.901968732365261,0.253131225544117,0.363735362266695,0.105600883001469,0.277532529187718,0.896472525253596
"167",2011,2011-08-01,0.832110487699612,0.860848435759846,0.870716444595803,0.894371844240988,0.253131225544117,0.363735362266695,0.105600883001469,0.277532529187718,0.866467143859298
"168",2011,2011-09-01,1.12410597291985,1.10450920894785,1.15076648957552,1.06838693150469,0.253131225544117,0.363735362266695,0.105600883001469,0.277532529187718,1.11627006353654
"169",2012,2012-03-01,1.00565075048137,1.00075633851838,1.00091041596592,0.958235055251721,0.248621828802068,0.376898238775784,0.103797864924169,0.27068206749798,0.990521518822854
"170",2012,2012-04-01,0.893767399579569,0.890340228870296,0.886193979693339,0.949751598157048,0.248621828802068,0.376898238775784,0.103797864924169,0.27068206749798,0.905711176578756
"171",2012,2012-01-01,1.08530643543916,1.0471104608632,1.04481337462454,1.0743311916948,0.248621828802068,0.376898238775784,0.103797864924169,0.27068206749798,1.06310920985779
"172",2012,2012-02-01,0.95124244532371,0.994058430973339,0.993835744658091,0.97766646675733,0.248621828802068,0.376898238775784,0.103797864924169,0.27068206749798,0.978892501474807
"173",2012,2012-11-01,1.00852938713999,1.02659632997832,1.05142336536261,1.00900845422315,0.248621828802068,0.376898238775784,0.103797864924169,0.27068206749798,1.02670103694705
"174",2012,2012-12-01,1.05825126858779,1.01366926433129,0.959078006616156,1.00239766336806,0.248621828802068,0.376898238775784,0.103797864924169,0.27068206749798,1.00112695462308
"175",2012,2012-07-01,1.00424513283728,0.986160124598308,0.991207811484855,1.01908437557432,0.248621828802068,0.376898238775784,0.103797864924169,0.27068206749798,1.00147092104302
"176",2012,2012-08-01,1.07517349083522,1.02929436303419,1.06952132622061,1.07206993431793,0.248621828802068,0.376898238775784,0.103797864924169,0.27068206749798,1.06744096734168
"177",2012,2012-05-01,1.04163700162734,1.06198120506907,1.0291992577574,0.994313435102909,0.248621828802068,0.376898238775784,0.103797864924169,0.27068206749798,1.02625128192104
"178",2012,2012-06-01,1.03505388680719,1.0763729734318,1.0359364099944,0.987072381297918,0.248621828802068,0.376898238775784,0.103797864924169,0.27068206749798,1.02668760810146
"179",2012,2012-09-01,1.01416480096107,0.984300040787523,0.971048464298176,0.938875067508344,0.248621828802068,0.376898238775784,0.103797864924169,0.27068206749798,0.974434850555518
"180",2012,2012-10-01,1.02896771553488,1.01618716865964,1.02645641578448,1.07191286717903,0.248621828802068,0.376898238775784,0.103797864924169,0.27068206749798,1.03831910003975
"181",2013,2013-01-01,0.993204583229147,1.00011817978255,1.04560991241188,1.00394885622336,0.256262527407662,0.367534332279049,0.105323884199759,0.27087925611353,1.01610390841713
"182",2013,2013-02-01,0.981276070591139,1.01382540067541,0.956392379201144,0.991622192958137,0.256262527407662,0.367534332279049,0.105323884199759,0.27087925611353,0.978361231494487
"183",2013,2013-05-01,0.94348595722362,0.952988315124508,0.918140979928143,0.976954497318922,0.256262527407662,0.367534332279049,0.105323884199759,0.27087925611353,0.944237566404098
"184",2013,2013-06-01,1.04153815726878,1.03477798811066,1.03668798883925,0.992747763248451,0.256262527407662,0.367534332279049,0.105323884199759,0.27087925611353,1.0258272409423
"185",2013,2013-03-01,1.02407159601976,1.027488436576,0.975481884009595,1.04036450370008,0.256262527407662,0.367534332279049,0.105323884199759,0.27087925611353,1.01098649429192
"186",2013,2013-04-01,0.974062593642388,0.94320427475447,1.00445748282249,0.999202196897806,0.256262527407662,0.367534332279049,0.105323884199759,0.27087925611353,0.988793437965561
"187",2013,2013-08-01,1.05503434105333,1.066774215693,1.06771180633798,1.02650155015677,0.256262527407662,0.367534332279049,0.105323884199759,0.27087925611353,1.05320129281588
"188",2013,2013-09-01,1.01991043271084,1.03508433238737,1.04466027780769,1.04432291311173,0.256262527407662,0.367534332279049,0.105323884199759,0.27087925611353,1.03721785908579
"189",2013,2013-10-01,1.0086122500412,0.984333132316645,1.01248433273963,0.984771615074794,0.256262527407662,0.367534332279049,0.105323884199759,0.27087925611353,1.00102026892163
"190",2013,2013-07-01,0.984095621292058,0.93503475810541,1.03768974913268,0.989471130098703,0.256262527407662,0.367534332279049,0.105323884199759,0.27087925611353,1.0000821364358
"191",2013,2013-12-01,0.943965786202163,0.933542170840207,0.940309692377758,0.967055167055167,0.256262527407662,0.367534332279049,0.105323884199759,0.27087925611353,0.947778624851919
"192",2013,2013-11-01,1.00108595893538,0.983919559903745,0.983540468783086,1.01431901708161,0.256262527407662,0.367534332279049,0.105323884199759,0.27087925611353,0.99641391805077
"193",2014,2014-02-01,0.974566625809841,1.02567891373802,1.00129493820196,1.02792399484429,0.279069050607833,0.355080079762988,0.0950110674545606,0.270839802174619,1.00336484941591
"194",2014,2014-03-01,1.0241656560212,1.02937740918117,1.01679108459138,1.01189195311173,0.279069050607833,0.355080079762988,0.0950110674545606,0.270839802174619,1.01871805957277
"195",2014,2014-01-01,1.04542288076557,1.03307433129341,1.03027127465183,1.01706741544525,0.279069050607833,0.355080079762988,0.0950110674545606,0.270839802174619,1.03118980977337
"196",2014,2014-06-01,1.06124090458465,1.04006309344938,1.01801733130065,0.987635262291226,0.279069050607833,0.355080079762988,0.0950110674545606,0.270839802174619,1.02394561069533
"197",2014,2014-07-01,0.987639904820657,0.978066573554006,0.991988208913462,1.02931149981392,0.279069050607833,0.355080079762988,0.0950110674545606,0.270839802174619,0.999560655106299
"198",2014,2014-04-01,1.03843398681344,1.01330181245075,1.03770385140099,1.03938984514283,0.279069050607833,0.355080079762988,0.0950110674545606,0.270839802174619,1.03604578004013
"199",2014,2014-05-01,1.00351015504749,0.99789715992161,1.00830478101348,1.04631951388355,0.279069050607833,0.355080079762988,0.0950110674545606,0.270839802174619,1.01627381283778
"200",2014,2014-09-01,1.06729082182577,0.987111985789319,0.968455036850783,1.02501536235717,0.279069050607833,0.355080079762988,0.0950110674545606,0.270839802174619,1.01312844953501
"201",2014,2014-10-01,1.00430224395988,1.01154157361556,0.974541733324992,1.0141906402483,0.279069050607833,0.355080079762988,0.0950110674545606,0.270839802174619,0.997100867202677
"202",2014,2014-11-01,0.958465041823552,0.991380193001766,0.96781471104773,0.978248670003816,0.279069050607833,0.355080079762988,0.0950110674545606,0.270839802174619,0.97027042070894
"203",2014,2014-08-01,0.923073147879626,0.959169914932215,0.917959780389166,0.929661286590304,0.279069050607833,0.355080079762988,0.0950110674545606,0.270839802174619,0.92647141549768
"204",2014,2014-12-01,1.0553130028134,0.978066240212754,1.02326804446087,1.01029524246596,0.279069050607833,0.355080079762988,0.0950110674545606,0.270839802174619,1.02440257776664
"205",2015,2015-02-01,1.00379711652261,1.00186945521565,1.01259230900512,0.992528756618587,0.308809729853599,0.354363161722943,0.0800748986939741,0.256752209729484,1.00386627514942
"206",2015,2015-03-01,1.08966509014742,1.05764716742272,1.06648779887851,1.04517225647893,0.308809729853599,0.354363161722943,0.0800748986939741,0.256752209729484,1.06746444665311
"207",2015,2015-04-01,0.989692116005705,0.943693230345309,0.942953550453817,0.998155462155293,0.308809729853599,0.354363161722943,0.0800748986939741,0.256752209729484,0.971619316858663
"208",2015,2015-06-01,0.983333119600576,0.945247484316732,0.919171651396986,0.915786072537947,0.308809729853599,0.354363161722943,0.0800748986939741,0.256752209729484,0.940204101886085
"209",2015,2015-07-01,0.868369573722602,0.878103197931792,0.942352444499362,0.914352612882791,0.308809729853599,0.354363161722943,0.0800748986939741,0.256752209729484,0.907172043611327
"210",2015,2015-08-01,0.974268865327046,0.955329703569268,1.01755948315896,0.970042445715088,0.308809729853599,0.354363161722943,0.0800748986939741,0.256752209729484,0.987007771501185
"211",2015,2015-05-01,0.968791541911518,0.986708505367465,0.957163369857181,0.960487801437448,0.308809729853599,0.354363161722943,0.0800748986939741,0.256752209729484,0.963973641415186
"212",2015,2015-01-01,0.994440754131541,0.999062848544445,1.00382455214309,1.03663522250655,0.308809729853599,0.354363161722943,0.0800748986939741,0.256752209729484,1.00896966319939
"213",2015,2015-09-01,1.08496130882036,1.09318878391043,1.11280060564084,1.0557263226413,0.308809729853599,0.354363161722943,0.0800748986939741,0.256752209729484,1.08797919699327
"214",2015,2015-10-01,0.965906238604235,0.944537127145218,0.964913296471065,0.966354387887922,0.308809729853599,0.354363161722943,0.0800748986939741,0.256752209729484,0.963958310374131
"215",2015,2015-11-01,1.00760465595183,1.00291104151505,0.971618013260928,0.992237277021099,0.308809729853599,0.354363161722943,0.0800748986939741,0.256752209729484,0.99053086626934
"216",2015,2015-12-01,0.906990097564536,0.909000481047542,0.94342545417117,0.954113118575345,0.308809729853599,0.354363161722943,0.0800748986939741,0.256752209729484,0.932161366757558
"217",2016,2016-03-01,1.00732862149073,0.996351642538759,0.995556712065122,0.946887540211588,0.31781322301302,0.362120860439949,0.0722188973253323,0.247847019221699,0.98729288037106
"218",2016,2016-04-01,0.981731121588938,0.950274043191081,0.953075606712925,1.0175122147698,0.31781322301302,0.362120860439949,0.0722188973253323,0.247847019221699,0.977950803660088
"219",2016,2016-05-01,1.00486248668664,1.04366008561123,1.04005008848275,1.0329242896236,0.31781322301302,0.362120860439949,0.0722188973253323,0.247847019221699,1.02736160535098
"220",2016,2016-06-01,1.06836946454486,1.00080297889425,1.06118966357874,1.05548520394561,0.31781322301302,0.362120860439949,0.0722188973253323,0.247847019221699,1.05769660616699
"221",2016,2016-07-01,1.00693996949566,0.965011917029159,1.03182417005396,1.01182395099927,0.31781322301302,0.362120860439949,0.0722188973253323,0.247847019221699,1.01413354015467
"222",2016,2016-08-01,1.03209885637465,1.01596824284119,1.01364927187223,1.02517357048132,0.31781322301302,0.362120860439949,0.0722188973253323,0.247847019221699,1.02253653037139
"223",2016,2016-09-01,0.988357362072657,0.958616816431322,0.963494390131293,1.01443496655684,0.31781322301302,0.362120860439949,0.0722188973253323,0.247847019221699,0.983669388407932
"224",2016,2016-10-01,0.980601716869917,1.02113289030984,0.973974737723604,0.976949157627856,0.31781322301302,0.362120860439949,0.0722188973253323,0.247847019221699,0.980223790211794
"225",2016,2016-01-01,0.997617910736033,1.03266719288175,0.975195972004779,1.04090496382204,0.31781322301302,0.362120860439949,0.0722188973253323,0.247847019221699,1.00275824657681
"226",2016,2016-02-01,1.0926554340753,1.1165725701381,1.13932986518991,1.08461102668093,0.31781322301302,0.362120860439949,0.0722188973253323,0.247847019221699,1.1092907060306
"227",2016,2016-12-01,1.07723823154747,1.08252029118902,1.07671103713361,1.04955046042807,0.31781322301302,0.362120860439949,0.0722188973253323,0.247847019221699,1.07056645643479
"228",2016,2016-11-01,0.935798184730379,0.979533961166163,0.99293053293273,0.987216007248102,0.31781322301302,0.362120860439949,0.0722188973253323,0.247847019221699,0.972389303414117
"229",2017,2017-06-01,1.03706620378578,1.05078500138718,1.03195181553776,1.01229989293224,0.315591683915298,0.365727999588276,0.064512478733174,0.254167837763251,1.0297859627622
"230",2017,2017-07-01,1.01336227631804,0.980692157712305,0.97510287542721,1.00948715824886,0.315591683915298,0.365727999588276,0.064512478733174,0.254167837763251,0.996277181452306
"231",2017,2017-05-01,1.00277424049482,1.01150574927684,1.00818083229105,1.03209271673068,0.315591683915298,0.365727999588276,0.064512478733174,0.254167837763251,1.01276668748303
"232",2017,2017-10-01,1.03088155376509,1.03724943652392,1,0.966807401808047,0.315591683915298,0.365727999588276,0.064512478733174,0.254167837763251,1.00371252412403
"233",2017,2017-11-01,1.02690427076171,1.00550955332116,1.01916564739657,1.01182969310178,0.315591683915298,0.365727999588276,0.064512478733174,0.254167837763251,1.0188623404559
"234",2017,2017-08-01,0.993028365177135,0.986165953334254,1.01972601106981,0.965746853658844,0.315591683915298,0.365727999588276,0.064512478733174,0.254167837763251,0.995415647811589
"235",2017,2017-09-01,1.00325941377962,1.04974239793918,1.08403646803568,1.06343334792923,0.315591683915298,0.365727999588276,0.064512478733174,0.254167837763251,1.05109485550488
"236",2017,2017-01-01,1.01943174917703,1.02300343196364,1.03016303497947,1.04669981548312,0.315591683915298,0.365727999588276,0.064512478733174,0.254167837763251,1.03051756442938
"237",2017,2017-02-01,1.02692147492599,1.02218393931151,1.0517938308872,1.0175010088567,0.315591683915298,0.365727999588276,0.064512478733174,0.254167837763251,1.0333179822596
"238",2017,2017-03-01,1.02947795368311,0.998595547145265,1.01002020535236,1.02053283792904,0.315591683915298,0.365727999588276,0.064512478733174,0.254167837763251,1.01809584898486
"239",2017,2017-04-01,1.02465166130761,1.02872074259405,1.0804401077815,1.02419684738737,0.315591683915298,0.365727999588276,0.064512478733174,0.254167837763251,1.0452019656859
"240",2017,2017-12-01,1.04652131700041,1.06300310092388,1.03574911809144,1.07597203113515,0.315591683915298,0.365727999588276,0.064512478733174,0.254167837763251,1.05113032730932
"241",2018,2018-06-01,1.01622373060375,1.01121827899372,0.984657039711191,1.0353573237423,0.344345445025036,0.353698635763036,0.0536566272551498,0.248299291956778,1.00954091707711
"242",2018,2018-07-01,0.973817548203682,0.972730793008105,1.01868347705718,1.00486086170384,0.344345445025036,0.353698635763036,0.0536566272551498,0.248299291956778,0.997336287175042
"243",2018,2018-08-01,0.992886011379243,1.01986939972763,1.00184730194756,1.00219375273449,0.344345445025036,0.353698635763036,0.0536566272551498,0.248299291956778,0.999814550826848
"244",2018,2018-10-01,1.07022905517521,1.02885797379546,1.03350365463291,0.992589752527013,0.344345445025036,0.353698635763036,0.0536566272551498,0.248299291956778,1.03574171453725
"245",2018,2018-11-01,1.00018704796741,0.988299747927321,0.969396078756133,0.986059120565782,0.344345445025036,0.353698635763036,0.0536566272551498,0.248299291956778,0.985150537365598
"246",2018,2018-12-01,1.07699116883117,1.05665801733797,1.10260813108144,1.01719348727226,0.344345445025036,0.353698635763036,0.0536566272551498,0.248299291956778,1.07011312310916
"247",2018,2018-09-01,0.888379960242968,0.913593097308772,0.856608698202293,0.882036462016171,0.344345445025036,0.353698635763036,0.0536566272551498,0.248299291956778,0.876920273981942
"248",2018,2018-01-01,0.967294519939288,0.979802597152635,0.934362650902382,0.969767034506919,0.344345445025036,0.353698635763036,0.0536566272551498,0.248299291956778,0.956931627641018
"249",2018,2018-02-01,0.970135377469426,0.985254848036538,1.02343544491475,1.01289646701828,0.344345445025036,0.353698635763036,0.0536566272551498,0.248299291956778,1.00041634666571
"250",2018,2018-03-01,1.03059458108113,1.05540221434401,1.02748523761679,0.954289858173734,0.344345445025036,0.353698635763036,0.0536566272551498,0.248299291956778,1.01187949579988
"251",2018,2018-04-01,0.998614367938606,0.928490887945641,0.947588308485996,0.998368048634642,0.344345445025036,0.353698635763036,0.0536566272551498,0.248299291956778,0.976742769985268
"252",2018,2018-05-01,0.947821318287382,0.925533132415214,0.930677454744926,0.973153566838447,0.344345445025036,0.353698635763036,0.0536566272551498,0.248299291956778,0.946851627638074
